21
1 200 271
1 5 12 15 16 17 18 21 22 27 29 31 32 33 34 39 42 44 47 51 53 54 56 57 59 61 62 63 64 65 67 68 69 73 76 78 79 80 83 90 93 98 100 101 102 103 118 125 130 133 134 135 142 145 146 148 149 151 155 157 161 162 163 166 169 170 171 172 173 177 178 181 183 187 190 192 201 210 212 213 215 216 219 220 221 222 230 232 234 237 238 240 241 246 248 249 252 253 254 256 257 258 261 267 271 272 273 274 278 279 281 282 283 284 285 286 292 293 294 297 298 300 303 304 307 310 313 314 318 319 320 325 326 329 333 336 339 342 346 347 348 349 350 356 358 360 361 362 363 364 365 367 369 372 373 375 377 378 379 383 385 386 394 399 400 413 415 416 418 420 424 425 429 431 435 440 443 444 446 449 451 452 456 457 460 462 463 464 465 470 473 481 483 484 485 486 493 496 499 500
2 71 107
4 18 22 27 29 34 35 39 42 57 66 67 79 80 84 93 125 127 134 149 158 162 163 172 183 188 190 201 204 208 215 225 232 247 253 261 267 273 275 281 285 292 293 294 303 305 313 329 339 349 359 372 383 384 386 392 394 402 413 415 420 425 428 444 446 457 461 462 473 476 485
3 3 10
123 405 458
4 24 50
47 59 91 98 115 123 135 140 153 161 165 237 298 324 326 361 365 405 417 421 424 443 458 470
5 16 37
18 35 127 134 163 215 231 247 261 303 305 329 335 386 392 446
6 40 51
26 45 81 82 88 95 96 108 109 110 116 131 137 138 175 207 212 236 243 255 259 263 266 276 287 289 316 337 340 352 357 376 395 407 410 437 453 475 478 498
7 35 66
17 30 31 36 50 63 68 89 111 122 132 142 146 170 177 180 194 216 230 238 246 296 306 323 342 345 358 374 385 390 397 408 431 434 474
8 2 38
81 266
9 15 33
42 65 67 225 267 275 281 300 372 379 402 413 425 457 473
10 5 13
28 145 157 360 499
11 45 60
9 28 42 60 65 67 85 101 106 135 145 173 174 189 193 214 228 237 240 265 281 286 318 333 334 338 341 343 344 347 360 369 372 379 388 418 425 440 448 459 465 487 492 499 500
12 38 75
27 29 34 57 58 63 89 90 111 125 146 159 170 172 177 216 220 230 232 235 238 246 261 292 299 306 323 345 354 375 383 403 420 431 444 446 474 482
13 2 9
67 457
14 7 14
11 182 239 322 324 401 490
15 43 58
30 34 36 50 58 63 111 122 128 129 132 139 159 170 176 198 220 231 233 235 242 261 295 299 302 309 312 315 323 335 345 354 355 374 375 403 411 441 467 468 474 482 497
16 46 58
11 40 52 53 59 91 98 114 115 121 140 144 152 153 165 182 186 187 211 229 239 251 262 272 278 291 298 301 317 322 324 325 326 331 332 365 366 398 401 417 421 439 477 480 488 490
17 27 44
26 88 96 108 110 116 131 137 138 175 236 243 255 259 276 289 316 337 340 376 395 407 410 437 475 478 498
18 54 97
15 44 47 53 59 69 91 98 100 102 103 118 130 140 148 153 157 161 171 187 192 218 219 222 248 251 272 274 278 280 297 298 307 319 320 325 326 336 361 365 366 367 378 398 399 417 421 424 443 449 470 484 493 499
19 10 32
53 91 251 278 301 325 365 366 398 417
20 3 8
20 381 396
21 29 47
30 36 58 111 122 128 129 132 139 159 176 233 235 242 295 299 312 315 345 354 355 374 403 411 441 467 468 482 497
-------------- Query Log --------------
QueryNum = 21, AvgQueryTime = 13.43ms, AvgQueryComm = 3752.52bytes

