1000
1001 8 -69
1002 1 -90
1003 -55 -93
1004 82 -34
1005 46 87
1006 12 23
1007 -35 0
1008 58 -27
1009 33 52
1010 -66 -63
1011 32 0
1012 38 -98
1013 87 -73
1014 33 79
1015 -12 16
1016 33 -37
1017 99 10
1018 -29 -84
1019 -60 26
1020 90 87
1021 26 -27
1022 13 52
1023 -38 -18
1024 -71 -79
1025 52 98
1026 28 -39
1027 93 -47
1028 79 -26
1029 84 50
1030 67 -97
1031 60 49
1032 35 95
1033 28 -76
1034 -71 28
1035 34 51
1036 56 19
1037 60 11
1038 -56 -69
1039 -10 94
1040 30 -60
1041 -72 -11
1042 -95 0
1043 15 -36
1044 -45 93
1045 71 99
1046 -21 95
1047 95 44
1048 90 34
1049 24 18
1050 25 -61
1051 -42 -70
1052 -75 -35
1053 20 -58
1054 0 37
1055 -86 34
1056 -5 17
1057 -71 -33
1058 96 66
1059 -89 -98
1060 72 -16
1061 32 83
1062 92 -82
1063 53 98
1064 -19 34
1065 -7 -91
1066 -30 -7
1067 59 9
1068 90 -50
1069 -11 -68
1070 92 87
1071 88 -93
1072 62 49
1073 -66 -78
1074 60 29
1075 59 14
1076 98 88
1077 92 27
1078 86 36
1079 -10 -91
1080 61 -30
1081 -25 88
1082 45 -73
1083 42 51
1084 16 34
1085 -45 38
1086 -51 -27
1087 21 8
1088 -54 83
1089 82 84
1090 89 55
1091 62 32
1092 -21 -55
1093 53 -59
1094 -33 56
1095 -93 -52
1096 -87 -50
1097 42 -48
1098 16 36
1099 15 -6
1100 -79 -90
1101 0 -55
1102 45 92
1103 20 -67
1104 -79 -24
1105 -88 -61
1106 -42 -63
1107 38 -53
1108 -25 -35
1109 -21 -55
1110 -61 -39
1111 -32 95
1112 44 2
1113 -11 99
1114 -4 70
1115 83 82
1116 53 -70
1117 93 98
1118 1 26
1119 -63 13
1120 19 -20
1121 -96 -2
1122 44 -43
1123 91 24
1124 -65 23
1125 -19 76
1126 -85 2
1127 15 8
1128 -14 -61
1129 -93 15
1130 -20 85
1131 41 -22
1132 -58 3
1133 25 36
1134 -44 -73
1135 -23 8
1136 -46 30
1137 -88 -35
1138 -62 5
1139 -23 79
1140 -95 -80
1141 20 92
1142 18 62
1143 -39 23
1144 -32 79
1145 7 88
1146 16 74
1147 -83 -8
1148 -88 -70
1149 -37 68
1150 24 -92
1151 6 -39
1152 96 4
1153 -86 -54
1154 70 -93
1155 65 -57
1156 -80 24
1157 85 -63
1158 9 -91
1159 81 37
1160 -89 -92
1161 69 -17
1162 -44 -68
1163 -80 84
1164 -48 -61
1165 -36 21
1166 -87 -81
1167 53 -98
1168 91 4
1169 72 62
1170 26 41
1171 86 -6
1172 -59 74
1173 -87 -82
1174 99 48
1175 98 69
1176 87 -63
1177 -63 66
1178 83 55
1179 -68 5
1180 -77 40
1181 50 -98
1182 92 -56
1183 -51 -54
1184 75 -78
1185 14 51
1186 53 4
1187 -8 20
1188 52 -10
1189 71 -53
1190 69 73
1191 75 -44
1192 73 -28
1193 28 -90
1194 8 32
1195 -65 -73
1196 45 -24
1197 92 -39
1198 90 -50
1199 22 37
1200 -9 54
1201 -5 -81
1202 -30 41
1203 -19 -99
1204 -62 2
1205 -74 -47
1206 -57 38
1207 73 -39
1208 70 36
1209 90 36
1210 41 72
1211 -65 45
1212 17 71
1213 93 57
1214 -7 -65
1215 34 33
1216 71 28
1217 -6 -73
1218 90 -68
1219 36 5
1220 96 -14
1221 -58 0
1222 -82 16
1223 -59 -50
1224 -23 73
1225 -23 60
1226 17 36
1227 -39 65
1228 20 -64
1229 -78 -46
1230 73 -72
1231 90 67
1232 0 -52
1233 30 -63
1234 -90 -71
1235 -92 82
1236 -5 -30
1237 -55 -56
1238 -86 69
1239 -66 29
1240 -99 12
1241 -65 93
1242 24 29
1243 1 39
1244 -47 -74
1245 -42 -22
1246 -41 55
1247 99 -24
1248 -12 20
1249 82 -47
1250 62 -73
1251 -83 67
1252 38 -79
1253 -92 43
1254 -37 85
1255 -10 31
1256 -69 -37
1257 65 25
1258 -7 -26
1259 -73 -43
1260 98 -80
1261 81 -35
1262 49 -71
1263 -32 -45
1264 10 85
1265 -71 0
1266 53 -13
1267 2 -58
1268 46 58
1269 -40 -7
1270 21 4
1271 -59 -21
1272 -52 81
1273 -37 27
1274 -33 -96
1275 41 48
1276 -39 -90
1277 -59 89
1278 -76 42
1279 99 25
1280 -63 85
1281 -65 -64
1282 -88 93
1283 -15 -11
1284 39 69
1285 80 -33
1286 76 12
1287 -28 53
1288 11 -49
1289 -49 65
1290 -84 59
1291 67 -62
1292 -64 10
1293 0 -9
1294 -72 -39
1295 -5 -9
1296 -31 97
1297 51 -13
1298 67 -88
1299 -87 -5
1300 -70 46
1301 53 -49
1302 20 -74
1303 -76 -73
1304 44 1
1305 -38 -54
1306 99 57
1307 -58 -21
1308 -90 19
1309 -90 -75
1310 -43 -57
1311 -5 -91
1312 76 4
1313 -16 72
1314 -49 -73
1315 91 -73
1316 -16 -9
1317 87 83
1318 90 94
1319 86 -63
1320 -25 -13
1321 -86 45
1322 19 -28
1323 71 57
1324 -70 -31
1325 3 -88
1326 46 -20
1327 -9 52
1328 -71 -86
1329 12 44
1330 12 -56
1331 15 -39
1332 39 -68
1333 -21 23
1334 -1 51
1335 -52 -59
1336 -93 -83
1337 2 7
1338 -9 44
1339 -41 78
1340 -36 36
1341 -64 34
1342 -91 -9
1343 -12 -66
1344 -97 79
1345 67 -89
1346 70 -14
1347 96 71
1348 -30 4
1349 -76 74
1350 -27 66
1351 -15 70
1352 12 -73
1353 -33 13
1354 51 -68
1355 -36 -90
1356 68 -18
1357 42 -65
1358 44 97
1359 59 85
1360 -42 41
1361 7 -24
1362 -72 32
1363 -84 -44
1364 -60 56
1365 -70 41
1366 -77 51
1367 22 93
1368 -88 73
1369 -48 24
1370 -47 52
1371 -57 -79
1372 90 38
1373 -24 62
1374 42 0
1375 -34 50
1376 -26 -16
1377 33 -27
1378 -83 -66
1379 79 -97
1380 88 74
1381 -97 91
1382 34 -18
1383 99 -40
1384 -15 -82
1385 41 -88
1386 24 -97
1387 70 -74
1388 87 -53
1389 -40 -27
1390 85 88
1391 28 33
1392 53 -52
1393 -28 25
1394 56 74
1395 -81 81
1396 -85 57
1397 23 -17
1398 -91 46
1399 -78 59
1400 37 79
1401 36 -26
1402 -41 -96
1403 20 51
1404 44 18
1405 -9 92
1406 -18 -37
1407 -68 -93
1408 -64 39
1409 -55 64
1410 -93 -20
1411 44 38
1412 -58 19
1413 -20 -22
1414 34 52
1415 45 -8
1416 -85 9
1417 26 63
1418 -11 -33
1419 -75 -79
1420 22 -34
1421 -90 -19
1422 83 71
1423 -78 89
1424 -57 -69
1425 -55 4
1426 -93 -39
1427 15 11
1428 -15 43
1429 30 -91
1430 69 -17
1431 72 72
1432 -14 53
1433 44 73
1434 -74 -6
1435 -51 31
1436 -70 -73
1437 19 -41
1438 52 -40
1439 -19 64
1440 16 59
1441 22 -94
1442 -40 -39
1443 -22 18
1444 -89 92
1445 -48 54
1446 -33 80
1447 -1 -65
1448 80 8
1449 74 -86
1450 -44 -66
1451 45 -83
1452 -79 48
1453 -14 -97
1454 -14 -46
1455 59 -62
1456 -80 6
1457 24 77
1458 93 41
1459 -20 -22
1460 20 -17
1461 10 30
1462 87 -23
1463 -78 60
1464 -9 -93
1465 -64 -42
1466 -55 66
1467 1 -84
1468 -79 -4
1469 10 -88
1470 46 26
1471 -64 6
1472 -42 31
1473 -56 -16
1474 -18 72
1475 85 29
1476 -56 42
1477 -45 13
1478 -16 -98
1479 -65 61
1480 85 -54
1481 84 97
1482 68 -18
1483 10 42
1484 -52 -2
1485 -53 -6
1486 -25 -61
1487 33 -33
1488 81 -82
1489 43 -1
1490 -29 -4
1491 41 35
1492 24 2
1493 48 -59
1494 -65 -31
1495 -69 -40
1496 12 14
1497 -40 44
1498 90 -22
1499 -72 -42
1500 -57 -72
1501 -60 -78
1502 -90 -38
1503 72 36
1504 -22 15
1505 92 7
1506 -27 78
1507 -69 -41
1508 84 -12
1509 88 47
1510 29 85
1511 -84 96
1512 17 -27
1513 -70 -69
1514 28 -67
1515 -50 58
1516 67 23
1517 93 -32
1518 -85 69
1519 36 -58
1520 -34 10
1521 -8 -8
1522 -37 83
1523 -21 17
1524 -6 -96
1525 30 -18
1526 86 -56
1527 -8 14
1528 -67 -53
1529 -71 -83
1530 34 -54
1531 78 55
1532 -47 12
1533 52 -52
1534 -59 99
1535 18 -28
1536 32 -65
1537 67 -72
1538 26 13
1539 47 -96
1540 38 60
1541 34 -75
1542 81 -43
1543 69 57
1544 -53 -6
1545 19 38
1546 2 20
1547 32 10
1548 40 -41
1549 66 -96
1550 -57 1
1551 93 -19
1552 93 67
1553 -24 -1
1554 64 -63
1555 72 -41
1556 -30 -57
1557 99 4
1558 -97 18
1559 -72 3
1560 76 -54
1561 -32 67
1562 4 78
1563 44 -98
1564 73 78
1565 -88 12
1566 -21 87
1567 87 78
1568 65 -42
1569 -19 -85
1570 33 -10
1571 -88 11
1572 -2 5
1573 92 33
1574 9 -90
1575 -74 71
1576 63 -61
1577 -28 -76
1578 97 0
1579 93 -68
1580 -12 92
1581 -14 3
1582 61 -6
1583 13 52
1584 49 19
1585 -17 -26
1586 29 50
1587 -62 8
1588 19 86
1589 -96 23
1590 54 -12
1591 98 96
1592 44 78
1593 -2 -33
1594 -45 -26
1595 89 75
1596 -53 -55
1597 80 47
1598 31 -64
1599 -57 85
1600 5 45
1601 -80 38
1602 59 -18
1603 -17 29
1604 39 -33
1605 -65 63
1606 1 68
1607 54 77
1608 98 -6
1609 -28 -49
1610 57 33
1611 27 30
1612 -75 72
1613 89 44
1614 8 70
1615 -38 39
1616 -30 64
1617 -1 -99
1618 -6 -25
1619 39 -8
1620 36 53
1621 86 54
1622 10 87
1623 28 -13
1624 -83 34
1625 99 -15
1626 -30 47
1627 71 37
1628 -49 66
1629 62 -32
1630 -20 -28
1631 4 58
1632 -61 -99
1633 -70 72
1634 14 -29
1635 23 79
1636 -92 -18
1637 77 44
1638 -20 -15
1639 -95 -9
1640 60 89
1641 22 -30
1642 -55 -29
1643 45 -82
1644 67 62
1645 -12 2
1646 -84 85
1647 -10 48
1648 -8 71
1649 81 97
1650 -48 10
1651 -7 4
1652 49 4
1653 -94 67
1654 -94 -1
1655 14 -85
1656 27 -34
1657 30 84
1658 -97 7
1659 96 -63
1660 32 35
1661 26 6
1662 88 75
1663 39 -22
1664 0 -31
1665 -6 -72
1666 -19 87
1667 -72 1
1668 -45 -15
1669 25 -92
1670 -80 44
1671 31 40
1672 49 55
1673 -41 -26
1674 -44 -74
1675 12 -71
1676 30 -53
1677 69 -96
1678 -83 30
1679 74 50
1680 -88 -82
1681 -94 7
1682 -31 -12
1683 -57 81
1684 -48 23
1685 -30 -37
1686 15 77
1687 61 98
1688 -71 38
1689 -22 -76
1690 -48 13
1691 -94 78
1692 49 24
1693 45 -73
1694 91 -61
1695 -62 18
1696 13 -88
1697 -54 20
1698 -25 78
1699 70 -59
1700 -27 12
1701 90 13
1702 -19 -22
1703 -12 91
1704 -38 91
1705 -47 6
1706 -68 95
1707 91 -47
1708 70 50
1709 37 24
1710 -88 53
1711 -27 52
1712 -68 -43
1713 80 84
1714 54 -33
1715 11 55
1716 57 25
1717 -78 -15
1718 81 37
1719 50 -37
1720 71 57
1721 84 -77
1722 -96 -65
1723 30 93
1724 -40 -89
1725 -34 13
1726 77 39
1727 -14 93
1728 -78 3
1729 42 -28
1730 57 87
1731 62 51
1732 14 79
1733 9 48
1734 -19 0
1735 -77 -3
1736 -25 -89
1737 77 -91
1738 52 55
1739 -63 -50
1740 -78 85
1741 -61 23
1742 69 6
1743 58 42
1744 -72 -9
1745 -56 -49
1746 -68 -66
1747 92 96
1748 25 26
1749 1 81
1750 -98 5
1751 38 80
1752 56 -85
1753 23 64
1754 -96 12
1755 -98 -51
1756 -69 -88
1757 96 -83
1758 -20 -37
1759 -3 -75
1760 10 -96
1761 27 -77
1762 16 -82
1763 -28 -83
1764 59 48
1765 0 -3
1766 -79 34
1767 -95 -76
1768 71 59
1769 -60 -29
1770 5 -72
1771 46 -81
1772 86 -15
1773 -81 75
1774 -70 55
1775 92 20
1776 -41 -85
1777 93 -87
1778 -98 -91
1779 -18 92
1780 -49 -20
1781 67 18
1782 51 -67
1783 70 92
1784 23 -83
1785 42 -49
1786 -6 1
1787 -88 -27
1788 83 -94
1789 -23 -25
1790 70 79
1791 2 5
1792 62 -3
1793 -92 -86
1794 -20 23
1795 -34 47
1796 -23 -15
1797 -44 -14
1798 -59 69
1799 34 93
1800 43 -28
1801 -66 -7
1802 -37 -50
1803 96 90
1804 -38 -96
1805 -21 7
1806 58 -5
1807 94 -33
1808 61 -67
1809 -89 26
1810 14 77
1811 -56 -68
1812 93 -22
1813 -79 17
1814 -45 -62
1815 91 -57
1816 -84 -96
1817 42 33
1818 56 64
1819 -9 69
1820 -72 88
1821 75 -27
1822 49 -6
1823 26 -35
1824 -25 51
1825 59 0
1826 -69 -13
1827 30 -55
1828 -79 -92
1829 -27 -10
1830 -32 -55
1831 15 -15
1832 73 85
1833 7 20
1834 70 99
1835 87 24
1836 -62 99
1837 -79 67
1838 66 -66
1839 14 45
1840 -23 -56
1841 40 -8
1842 -27 -2
1843 12 -96
1844 84 16
1845 -32 82
1846 20 70
1847 48 66
1848 22 84
1849 -11 -5
1850 -38 -48
1851 30 38
1852 48 -42
1853 -90 -49
1854 -17 -44
1855 67 54
1856 -65 -7
1857 -54 -30
1858 -24 66
1859 90 85
1860 -38 -50
1861 -11 13
1862 34 -89
1863 -7 -2
1864 -58 70
1865 24 -42
1866 41 27
1867 -25 -5
1868 -20 -75
1869 2 50
1870 -18 76
1871 -62 -99
1872 -18 66
1873 24 -21
1874 -81 57
1875 -28 -38
1876 -9 71
1877 -39 -82
1878 92 87
1879 -15 -87
1880 59 87
1881 -95 14
1882 -99 84
1883 15 0
1884 -33 -9
1885 -53 80
1886 -79 -75
1887 0 45
1888 -2 43
1889 13 43
1890 -73 3
1891 31 -34
1892 -62 -8
1893 -59 27
1894 5 -8
1895 83 -2
1896 -82 25
1897 7 83
1898 9 -6
1899 -66 -79
1900 -69 76
1901 76 40
1902 16 95
1903 -48 -98
1904 -13 58
1905 24 71
1906 90 -16
1907 -56 -53
1908 69 15
1909 -85 91
1910 9 13
1911 -70 -79
1912 31 47
1913 -3 -44
1914 -35 11
1915 11 68
1916 43 -28
1917 -48 8
1918 44 -34
1919 29 73
1920 0 -80
1921 -57 27
1922 -38 74
1923 51 -48
1924 21 71
1925 -91 34
1926 -66 92
1927 -20 70
1928 -49 -51
1929 69 33
1930 94 70
1931 -94 -34
1932 -44 82
1933 9 -27
1934 -47 21
1935 9 20
1936 62 -82
1937 -23 93
1938 -95 -87
1939 -74 68
1940 88 36
1941 72 -55
1942 -98 65
1943 -68 24
1944 64 -41
1945 -75 91
1946 -3 67
1947 55 -1
1948 -28 -85
1949 -97 58
1950 -91 14
1951 20 61
1952 45 -11
1953 20 -57
1954 -7 54
1955 -35 -5
1956 64 56
1957 75 -91
1958 93 -14
1959 -99 45
1960 38 68
1961 18 -58
1962 77 -89
1963 10 -90
1964 -81 -68
1965 36 46
1966 -56 -80
1967 35 77
1968 -81 94
1969 -83 -81
1970 -35 75
1971 48 0
1972 -18 -48
1973 -28 31
1974 72 51
1975 -34 -23
1976 -53 83
1977 -8 -83
1978 -11 90
1979 47 93
1980 -49 69
1981 -63 -52
1982 48 23
1983 -99 -79
1984 24 -87
1985 -55 -55
1986 -36 88
1987 97 -30
1988 -8 -48
1989 -48 84
1990 -72 26
1991 75 44
1992 -60 -71
1993 -25 46
1994 37 83
1995 -64 -54
1996 -81 -80
1997 -42 -70
1998 65 -55
1999 48 -22
2000 39 30
