40
1 41 66
2 24 -23
3 -25 -55
4 -82 -43
5 21 76
6 -21 63
7 -32 -94
8 -74 -32
9 -60 -67
10 69 -89
11 50 -98
12 -10 -41
13 85 13
14 92 -4
15 21 -17
16 37 66
17 -6 59
18 -67 5
19 -14 53
20 -19 89
21 35 47
22 -47 13
23 -75 -52
24 37 87
25 28 -38
26 73 55
27 -49 23
28 -1 -47
29 -54 22
30 -66 91
31 9 59
32 64 33
33 27 10
34 -65 35
35 -87 14
36 -64 86
37 87 10
38 33 93
39 -70 -27
40 99 -30
41 25 -39
42 -50 -47
43 35 -31
44 44 -8
45 63 93
46 -99 13
47 34 -40
48 17 94
49 61 44
50 -46 86
51 0 42
52 90 -78
53 66 -42
54 3 -6
55 -98 -38
56 36 45
57 -45 34
58 -72 64
59 40 -40
60 -54 -67
61 -6 22
62 13 55
63 -52 52
64 39 17
65 -29 -62
66 -96 8
67 -29 -23
68 3 78
69 50 -22
70 -98 -79
71 -28 -42
72 -67 -66
73 0 25
74 -17 81
75 -79 -96
76 -13 30
77 -11 44
78 51 15
79 -37 -3
80 -66 3
81 51 78
82 83 33
83 8 8
84 -62 -20
85 -22 -78
86 19 81
87 -12 93
88 94 47
89 -15 56
90 -22 26
91 63 -53
92 88 24
93 -43 0
94 23 56
95 74 96
96 79 69
97 -33 -53
98 45 -55
99 53 99
100 60 -11
101 -42 -34
102 18 -10
103 56 0
104 -58 -88
105 87 39
106 -13 -83
107 -77 -23
108 55 63
109 91 98
110 55 63
111 -60 71
112 -97 -66
113 -69 -99
114 69 -77
115 37 -79
116 61 68
117 28 99
118 45 -14
119 21 -34
120 -23 -50
121 97 -56
122 -61 86
123 23 -80
124 -1 88
125 -58 24
126 -80 -95
127 -90 18
128 -83 97
129 -94 50
130 21 -7
131 74 94
132 -58 96
133 22 55
134 -66 16
135 8 -69
136 74 41
137 62 58
138 88 76
139 -80 76
140 49 -70
141 -86 -89
142 -8 39
143 49 53
144 71 -98
145 -5 -31
146 -10 40
147 76 14
148 23 -4
149 -22 5
150 -32 80
151 32 67
152 98 -76
153 50 -63
154 -68 -67
155 3 14
156 91 22
157 5 -30
158 -96 -17
159 -76 48
160 -94 -49
161 17 -55
162 -58 -7
163 -62 18
164 24 -22
165 38 -88
166 -10 -17
167 85 -1
168 86 19
169 -10 35
170 -45 62
171 47 -29
172 -27 26
173 -4 -62
174 -36 -97
175 72 90
176 -94 54
177 -29 55
178 -23 71
179 83 9
180 0 83
181 8 47
182 64 -89
183 -18 4
184 98 1
185 59 48
186 96 -76
187 63 -25
188 -86 -10
189 -53 -86
190 -71 -26
191 31 77
192 58 -23
193 -30 -86
194 -28 92
195 14 -72
196 5 -95
197 83 -10
198 -95 30
199 -23 96
200 28 92
201 -77 -18
202 48 94
203 -35 61
204 -91 -6
205 -13 89
206 -62 -88
207 78 97
208 -94 -3
209 28 -34
210 49 44
211 78 -93
212 65 37
213 60 32
214 -46 -91
215 -72 6
216 -21 53
217 -93 -82
218 35 -21
219 10 -20
220 -59 41
221 26 22
222 62 -15
223 -85 -65
224 -69 -40
225 -52 -22
226 72 0
227 -68 -95
228 -48 -73
229 91 -47
230 -40 51
231 -80 33
232 -23 22
233 -98 63
234 33 17
235 -74 61
236 67 48
237 9 -74
238 -9 61
239 58 -93
240 -7 -73
241 0 2
242 -78 83
243 80 51
244 -73 -57
245 4 -98
246 -38 41
247 -86 19
248 20 -11
249 21 31
250 15 -84
251 75 -38
252 21 30
253 -11 8
254 33 60
255 76 69
256 41 47
257 -14 -53
258 29 67
259 81 65
260 0 24
261 -67 24
262 90 -83
263 94 95
264 17 -69
265 -52 -64
266 49 69
267 -56 -26
268 1 -60
269 -30 -51
270 -44 -95
271 28 63
272 76 -24
273 -73 -6
274 56 -9
275 -61 -44
276 85 50
277 -35 76
278 68 -30
279 17 15
280 82 -13
281 -53 -51
282 53 11
283 15 11
284 6 17
285 -27 2
286 -35 -67
287 96 35
288 -79 -46
289 83 85
290 0 -82
291 81 -95
292 -54 29
293 -14 -2
294 -73 -4
295 -96 39
296 -25 82
297 14 -16
298 36 -57
299 -69 42
300 -21 -51
301 85 -54
302 -95 27
303 -79 2
304 -3 22
305 -86 9
306 -31 78
307 55 -19
308 29 56
309 -96 31
310 52 43
311 -77 -75
312 -98 62
313 -17 -4
314 21 30
315 -99 72
316 57 60
317 83 -81
318 -16 -59
319 32 0
320 11 -6
321 30 87
322 54 -99
323 -46 66
324 61 -81
325 62 -42
326 41 -59
327 -9 86
328 30 -22
329 -76 8
330 12 -61
331 90 -24
332 76 -74
333 -29 -73
334 -28 -89
335 -89 25
336 17 -20
337 97 49
338 -49 -68
339 -63 3
340 90 61
341 -44 -74
342 -5 67
343 -25 -85
344 -61 -64
345 -56 76
346 75 2
347 -7 -60
348 -10 54
349 -64 -3
350 11 17
351 -74 -89
352 72 35
353 32 -22
354 -62 51
355 -95 46
356 46 33
357 60 90
358 5 49
359 -97 -17
360 1 -39
361 27 -44
362 16 11
363 54 43
364 4 7
365 50 -42
366 76 -55
367 40 -32
368 79 14
369 0 -79
370 -39 -48
371 -5 55
372 -19 -26
373 1 7
374 -66 86
375 -59 40
376 98 52
377 -54 -30
378 75 -17
379 -19 -57
380 -69 -51
381 -39 87
382 15 -90
383 -57 19
384 -95 -25
385 -8 73
386 -70 2
387 61 -92
388 -1 -41
389 93 28
390 14 98
391 -31 77
392 -90 18
393 -93 -62
394 -38 10
395 64 83
396 -31 84
397 -40 93
398 81 -36
399 39 8
400 46 61
401 44 -98
402 -46 -36
403 -65 50
404 -16 90
405 21 -83
406 79 17
407 65 82
408 -1 91
409 -17 89
410 63 53
411 -79 84
412 8 23
413 -62 -39
414 11 -91
415 -45 0
416 62 9
417 63 -50
418 -11 -62
419 39 75
420 -36 27
421 39 -70
422 -99 -41
423 2 -95
424 18 -45
425 -34 -36
426 -1 -8
427 -34 96
428 -91 -8
429 41 28
430 20 92
431 -24 74
432 3 -91
433 92 2
434 -44 96
435 33 27
436 -7 85
437 55 66
438 -97 -75
439 78 -75
440 -7 -65
441 -88 39
442 92 38
443 26 -59
444 -55 22
445 -28 -50
446 -62 20
447 -13 99
448 -5 -85
449 76 -18
450 19 -87
451 31 39
452 -6 0
453 96 93
454 -66 -41
455 -67 -47
456 33 -29
457 -33 -18
458 27 -89
459 -50 -71
460 18 12
461 -89 -37
462 -71 0
463 12 20
464 59 21
465 -14 -70
466 39 97
467 -90 84
468 -78 92
469 20 87
470 27 -43
471 -32 75
472 99 10
473 -53 -23
474 -44 80
475 85 83
476 -14 -14
477 89 -57
478 86 41
479 -28 -86
480 95 -96
481 -4 12
482 -76 53
483 2 11
484 24 -19
485 -12 -16
486 38 23
487 -42 -95
488 82 -98
489 0 -97
490 49 -97
491 12 -92
492 -37 -51
493 49 -7
494 -31 88
495 -67 -45
496 4 -17
497 -84 49
498 72 87
499 2 -30
500 -1 -74
