600
2001 79 -31
2002 16 -7
2003 0 -80
2004 -42 -46
2005 -37 15
2006 9 -87
2007 10 86
2008 49 -71
2009 -80 -8
2010 -29 54
2011 -90 28
2012 27 64
2013 62 -46
2014 4 -12
2015 -67 -97
2016 -64 -14
2017 -79 -52
2018 -37 0
2019 -57 84
2020 -10 84
2021 29 42
2022 -46 -86
2023 92 -75
2024 60 52
2025 -23 47
2026 -48 -3
2027 4 58
2028 -30 94
2029 -72 26
2030 11 38
2031 96 -29
2032 -26 -42
2033 -6 99
2034 37 -92
2035 21 43
2036 -12 10
2037 -12 -21
2038 9 96
2039 20 83
2040 93 4
2041 -95 50
2042 24 -69
2043 75 -92
2044 55 -64
2045 30 74
2046 88 -53
2047 -23 -5
2048 67 -79
2049 42 -4
2050 -2 44
2051 34 -59
2052 -87 87
2053 66 63
2054 -56 50
2055 44 7
2056 -9 -54
2057 -62 54
2058 59 23
2059 -63 36
2060 -41 92
2061 -68 -68
2062 54 69
2063 -2 -76
2064 85 90
2065 -33 41
2066 -55 91
2067 76 18
2068 -75 82
2069 29 -3
2070 20 4
2071 -9 -49
2072 -47 -85
2073 -75 -78
2074 -82 -51
2075 50 4
2076 45 87
2077 10 -95
2078 -60 -88
2079 23 -9
2080 59 -2
2081 -65 23
2082 -42 -80
2083 0 -62
2084 -35 34
2085 -3 -85
2086 18 -85
2087 68 -78
2088 -3 87
2089 -97 -12
2090 80 -91
2091 53 84
2092 -41 -38
2093 -29 -80
2094 -50 -12
2095 -18 91
2096 -88 9
2097 58 45
2098 71 14
2099 -43 -32
2100 -85 93
2101 24 18
2102 77 -99
2103 71 -90
2104 -53 -47
2105 -3 -79
2106 77 -35
2107 63 82
2108 -3 99
2109 88 25
2110 69 -94
2111 -53 2
2112 -1 -79
2113 77 70
2114 95 54
2115 -35 2
2116 -27 77
2117 53 -16
2118 12 32
2119 83 37
2120 -82 1
2121 -65 50
2122 -24 -51
2123 -78 2
2124 50 87
2125 -33 64
2126 -25 0
2127 39 75
2128 73 -94
2129 81 39
2130 1 -85
2131 63 27
2132 -92 -61
2133 52 74
2134 -12 -53
2135 -40 81
2136 -44 -70
2137 -40 96
2138 -94 72
2139 -71 -77
2140 -81 -34
2141 60 -95
2142 30 61
2143 -71 34
2144 5 16
2145 7 28
2146 -66 30
2147 94 15
2148 -81 -72
2149 -48 52
2150 -72 47
2151 25 71
2152 0 -13
2153 -71 -3
2154 96 51
2155 44 -4
2156 68 10
2157 -36 90
2158 65 -34
2159 11 -19
2160 -99 -52
2161 -37 -47
2162 8 -25
2163 -42 -13
2164 55 -9
2165 67 18
2166 -92 79
2167 42 -16
2168 -34 -7
2169 -96 -37
2170 -69 43
2171 0 -30
2172 60 -79
2173 -44 35
2174 -89 99
2175 0 41
2176 -81 60
2177 -72 6
2178 74 1
2179 -81 -14
2180 -69 -11
2181 96 48
2182 50 34
2183 0 65
2184 66 77
2185 -52 -17
2186 68 26
2187 86 -30
2188 -61 23
2189 -79 -75
2190 -88 92
2191 -4 95
2192 31 20
2193 23 64
2194 70 97
2195 82 11
2196 -59 22
2197 -5 -58
2198 24 -62
2199 21 -37
2200 18 -40
2201 -90 98
2202 -43 52
2203 37 -7
2204 -39 -10
2205 -4 72
2206 -95 -71
2207 -34 -40
2208 -12 -16
2209 -52 -95
2210 -37 46
2211 52 -61
2212 95 69
2213 59 -72
2214 22 34
2215 92 -18
2216 17 10
2217 75 85
2218 91 12
2219 -64 -3
2220 -71 -70
2221 56 -28
2222 77 57
2223 -71 -95
2224 88 38
2225 -2 1
2226 86 -99
2227 39 97
2228 61 -36
2229 -8 -53
2230 -56 56
2231 77 60
2232 -90 49
2233 88 -66
2234 -94 -13
2235 -13 -83
2236 -4 46
2237 -76 95
2238 -95 -18
2239 3 43
2240 57 60
2241 89 35
2242 33 -38
2243 -90 73
2244 67 70
2245 -28 22
2246 -93 -7
2247 -74 -42
2248 3 -62
2249 59 7
2250 52 -17
2251 99 72
2252 38 -30
2253 -63 14
2254 29 75
2255 -83 87
2256 -76 57
2257 59 -75
2258 -68 1
2259 -22 49
2260 -24 -78
2261 12 78
2262 30 85
2263 -77 22
2264 24 35
2265 -91 -34
2266 38 29
2267 49 65
2268 84 34
2269 57 42
2270 -15 33
2271 -7 -47
2272 28 53
2273 84 -98
2274 -74 -61
2275 -32 -86
2276 40 39
2277 -58 76
2278 -92 -61
2279 67 82
2280 -72 -68
2281 20 44
2282 18 11
2283 -39 -23
2284 -44 99
2285 67 -6
2286 74 59
2287 1 -63
2288 -50 -22
2289 -76 -91
2290 54 -63
2291 38 -8
2292 -39 62
2293 49 -19
2294 75 5
2295 85 31
2296 -29 94
2297 -62 -34
2298 -71 -58
2299 -83 51
2300 -19 55
2301 -36 -17
2302 -67 27
2303 14 30
2304 57 75
2305 98 1
2306 56 -33
2307 70 41
2308 -71 -10
2309 32 3
2310 -16 63
2311 92 -16
2312 -62 91
2313 -70 -20
2314 30 0
2315 50 73
2316 -97 -86
2317 93 -27
2318 28 32
2319 34 -14
2320 -36 -47
2321 65 -59
2322 -47 36
2323 67 -4
2324 41 64
2325 58 12
2326 -56 86
2327 58 -96
2328 89 54
2329 -34 -60
2330 62 -4
2331 6 -84
2332 7 91
2333 8 -45
2334 -61 -66
2335 83 55
2336 17 -88
2337 -86 -94
2338 -77 -36
2339 -39 -34
2340 1 -47
2341 43 -29
2342 93 70
2343 84 -16
2344 -63 19
2345 -38 -82
2346 74 -77
2347 29 -65
2348 -35 -57
2349 -63 -50
2350 66 -12
2351 82 -58
2352 49 -47
2353 -78 -84
2354 -38 -62
2355 19 -46
2356 -35 -32
2357 -3 -79
2358 7 -22
2359 -81 89
2360 84 65
2361 -84 -84
2362 75 80
2363 -41 79
2364 -55 97
2365 -69 -64
2366 59 -29
2367 1 6
2368 -68 1
2369 78 34
2370 65 -92
2371 31 90
2372 -23 -38
2373 49 -47
2374 -38 19
2375 98 47
2376 11 -53
2377 36 -99
2378 61 -30
2379 49 -24
2380 63 12
2381 76 93
2382 48 91
2383 72 -51
2384 -75 8
2385 -66 -48
2386 -30 -97
2387 84 58
2388 74 -41
2389 -69 -76
2390 -38 32
2391 -80 45
2392 7 -70
2393 15 -30
2394 -29 5
2395 -5 -39
2396 -11 -73
2397 -82 -84
2398 9 32
2399 27 88
2400 -86 45
2401 10 -94
2402 8 -16
2403 52 28
2404 -25 -70
2405 29 -22
2406 12 20
2407 -95 -49
2408 -9 24
2409 -46 6
2410 59 -74
2411 -98 5
2412 47 -51
2413 32 -28
2414 30 -14
2415 31 -61
2416 0 -91
2417 -19 12
2418 48 -40
2419 40 59
2420 69 -73
2421 -84 -76
2422 26 -58
2423 86 74
2424 -73 70
2425 -55 26
2426 -48 -82
2427 55 -74
2428 49 -56
2429 13 81
2430 67 80
2431 -56 -7
2432 65 -56
2433 -97 -12
2434 36 -2
2435 19 23
2436 95 48
2437 -96 18
2438 -4 90
2439 -6 92
2440 93 -77
2441 71 24
2442 -24 9
2443 63 3
2444 33 3
2445 -12 90
2446 -22 65
2447 43 3
2448 -10 -83
2449 -70 32
2450 5 -23
2451 -52 44
2452 75 4
2453 52 8
2454 -9 -32
2455 59 28
2456 -4 29
2457 98 83
2458 7 -74
2459 -7 -60
2460 -44 10
2461 87 -85
2462 -49 17
2463 12 0
2464 96 93
2465 -48 -18
2466 -21 13
2467 78 -79
2468 79 72
2469 17 -42
2470 -17 6
2471 60 81
2472 -51 2
2473 -93 -32
2474 -75 14
2475 -95 48
2476 -1 99
2477 -29 99
2478 -10 -6
2479 99 -92
2480 81 -70
2481 58 -22
2482 8 74
2483 21 13
2484 86 -80
2485 38 -27
2486 -92 55
2487 -27 -62
2488 -99 -64
2489 13 27
2490 17 37
2491 -6 81
2492 67 -88
2493 -41 0
2494 -92 82
2495 -16 -44
2496 68 -59
2497 -40 -9
2498 75 90
2499 69 55
2500 2 -16
2501 -34 -23
2502 -38 18
2503 32 63
2504 -78 -34
2505 -7 -7
2506 -49 6
2507 26 -21
2508 -59 -77
2509 12 33
2510 -31 69
2511 90 -79
2512 10 -59
2513 23 -35
2514 45 -33
2515 60 5
2516 -25 -41
2517 5 22
2518 97 -62
2519 19 -6
2520 -48 -54
2521 0 7
2522 0 -87
2523 -58 10
2524 73 40
2525 37 -28
2526 -43 -48
2527 32 -22
2528 62 -27
2529 0 -72
2530 94 -32
2531 83 83
2532 -97 18
2533 73 -98
2534 8 74
2535 60 -24
2536 43 -18
2537 -4 -89
2538 76 -16
2539 81 -92
2540 91 13
2541 2 41
2542 -57 -49
2543 -80 18
2544 -46 41
2545 -5 -26
2546 98 0
2547 -17 -27
2548 -46 -18
2549 -59 52
2550 87 -44
2551 -59 93
2552 36 -57
2553 -79 -95
2554 -19 -95
2555 -64 -22
2556 -43 31
2557 90 36
2558 -97 32
2559 -66 37
2560 12 23
2561 -60 37
2562 50 64
2563 -10 81
2564 -25 21
2565 -3 81
2566 58 70
2567 30 14
2568 45 -13
2569 -17 17
2570 42 -9
2571 56 64
2572 -72 76
2573 83 68
2574 -98 76
2575 -70 -80
2576 -23 -90
2577 -70 -99
2578 78 39
2579 -17 70
2580 -50 94
2581 85 -42
2582 12 82
2583 -35 36
2584 -42 -21
2585 91 -1
2586 -68 60
2587 -26 -69
2588 -99 19
2589 60 83
2590 92 -99
2591 -10 -80
2592 -16 -63
2593 15 -19
2594 85 -86
2595 6 -58
2596 -16 -81
2597 -20 21
2598 26 -47
2599 57 79
2600 -94 -52
