100
1 59
13 14 26 32 37 49 64 78 82 88 92 100 103 105 136 137 143 147 156 167 168 179 184 185 197 210 212 213 226 236 243 256 274 276 282 287 310 316 337 340 346 352 356 363 368 376 389 399 406 410 416 429 433 435 442 464 472 478 486
2 22
13 26 82 88 92 105 136 156 168 243 259 276 287 337 340 352 376 389 406 442 472 478
3 57
12 22 54 61 67 71 79 83 84 90 93 101 120 145 149 155 157 162 166 172 183 219 225 232 241 253 267 285 293 297 304 313 320 349 360 364 370 372 373 377 388 394 402 415 420 425 426 445 452 457 473 476 481 483 485 496 499
4 8
4 55 112 160 223 393 422 461
5 8
75 104 113 126 189 206 227 351
6 4
48 390 430 469
7 11
1 108 110 116 137 143 266 316 400 410 437
8 29
20 74 87 124 150 178 180 194 199 205 277 296 306 327 381 385 391 396 397 404 408 409 427 431 434 436 447 471 494
9 6
257 300 318 347 379 418
10 4
111 170 323 345
11 39
40 52 53 59 69 91 98 114 121 140 152 153 171 186 187 192 197 222 229 251 272 278 280 301 307 317 324 325 326 331 332 365 366 378 398 417 439 449 477
12 35
25 41 43 47 53 59 91 98 115 119 123 135 140 153 161 165 171 195 209 264 298 324 325 326 330 361 365 367 405 417 421 424 443 456 470
13 18
50 122 150 194 277 296 306 323 345 381 391 396 397 427 434 471 474 494
14 6
53 91 251 278 325 417
15 21
1 21 49 56 108 110 137 143 185 210 236 254 256 266 310 316 356 363 400 410 437
16 5
147 346 368 406 416
17 30
26 45 81 95 96 99 108 109 110 116 131 137 138 175 207 255 259 263 266 289 316 340 357 395 407 410 437 453 475 498
18 49
13 14 37 40 44 53 69 91 92 100 103 118 121 147 156 167 168 171 179 184 187 192 197 222 226 229 251 272 274 278 280 301 307 325 331 346 365 366 368 378 398 406 416 417 433 449 472 477 493
19 6
12 145 157 360 388 499
20 31
10 52 53 91 114 121 140 144 152 153 182 186 211 229 239 251 262 291 301 317 324 325 332 366 387 398 417 439 477 480 488
21 85
1 13 14 16 21 26 32 33 37 44 49 56 64 78 82 88 92 96 100 103 105 108 110 116 136 137 143 147 156 167 168 179 184 185 197 210 212 213 221 222 226 234 236 243 249 252 254 255 256 259 266 274 276 282 287 308 310 314 316 319 337 340 346 352 356 363 368 376 389 399 400 406 410 416 429 433 435 437 442 451 464 472 478 486 493
22 59
18 22 27 29 57 61 67 76 79 80 84 90 93 101 125 134 149 162 163 166 172 183 215 225 232 241 246 253 261 267 273 285 292 293 294 313 329 339 349 372 373 377 383 386 394 402 415 420 425 426 444 446 452 457 462 473 476 481 485
23 10
1 16 21 94 133 151 254 258 271 308
24 52
4 8 9 23 39 42 55 70 72 84 107 112 154 158 160 162 188 190 201 204 208 223 224 225 244 267 273 275 281 288 294 303 311 344 349 359 377 380 384 386 393 402 413 422 428 438 454 455 461 462 473 495
25 44
3 7 65 85 106 123 135 173 174 193 195 196 237 240 245 250 257 264 268 286 290 300 318 330 333 334 343 347 369 379 382 405 414 418 423 432 440 448 450 465 479 489 491 500
26 25
40 52 53 91 114 121 152 153 186 229 251 262 272 278 301 317 324 325 331 332 366 398 417 439 477
27 14
67 79 84 93 101 162 225 267 285 377 394 415 457 473
28 21
4 8 23 55 72 112 154 160 223 224 244 275 288 380 393 413 422 454 455 461 495
29 5
87 205 404 409 447
30 2
181 358
31 86
2 13 14 15 25 32 33 37 41 43 44 47 53 59 64 69 78 92 100 102 103 118 119 130 147 148 156 164 167 168 171 179 184 187 192 197 209 212 213 218 221 222 226 234 248 251 272 274 278 279 280 282 283 297 307 319 320 325 328 331 336 346 352 353 356 362 365 367 368 378 398 399 406 416 417 429 433 435 449 456 460 464 472 484 486 493
32 13
52 114 121 152 186 229 262 301 317 332 366 439 477
33 7
26 49 136 185 212 236 410
34 38
4 8 23 39 42 67 84 101 107 162 188 190 201 224 225 244 267 273 275 281 288 294 344 349 370 377 380 402 413 425 454 455 457 461 462 473 492 495
35 25
8 18 39 80 84 107 158 162 188 190 201 204 208 215 273 294 303 305 329 339 349 359 386 428 462
36 27
26 32 49 82 88 92 105 136 156 168 185 212 213 236 243 276 287 337 340 352 368 376 389 406 410 442 478
37 9
24 38 99 117 200 202 321 357 466
38 58
3 7 9 42 60 65 71 72 85 97 104 106 120 154 173 174 189 193 196 206 214 227 228 240 245 257 265 268 269 270 281 286 290 300 318 333 334 338 341 343 344 347 369 370 379 418 423 432 440 445 448 459 465 479 487 489 492 500
39 29
12 28 54 67 71 120 145 157 166 183 219 241 293 297 300 313 320 336 360 372 388 425 426 452 457 476 485 496 499
40 38
2 25 28 41 43 47 59 98 119 135 140 153 157 161 164 171 195 209 218 264 268 298 326 328 330 336 353 360 361 365 367 388 421 424 443 456 470 484
41 12
7 85 106 174 193 214 270 333 334 343 479 487
42 5
91 98 140 153 326
43 16
3 12 28 71 120 173 257 269 300 318 347 379 388 418 440 445
44 49
13 26 32 37 49 82 88 92 96 105 108 110 116 136 137 138 143 147 156 168 179 185 210 212 213 236 243 255 256 259 276 287 310 316 337 340 352 356 363 368 376 389 400 406 410 437 442 464 478
45 45
10 11 47 52 53 59 91 98 114 115 123 140 144 153 165 182 211 239 251 262 264 291 298 301 317 322 324 325 326 332 361 365 366 387 401 405 417 421 439 443 458 470 477 488 490
46 26
85 106 135 195 196 237 240 245 250 290 334 343 369 382 405 414 423 432 440 448 450 465 479 489 491 500
47 4
172 232 394 420
48 55
2 3 12 15 25 28 41 47 65 71 97 119 120 135 145 157 161 164 166 173 195 209 219 237 240 257 264 268 269 297 300 318 330 336 347 360 361 369 372 379 388 418 424 440 443 445 456 465 470 476 484 485 496 499 500
49 9
68 87 124 180 205 327 385 408 436
50 20
2 15 33 44 102 118 130 148 164 218 248 297 319 320 328 336 353 399 484 493
51 21
12 28 54 67 71 145 157 166 219 257 297 313 336 360 372 388 426 476 485 496 499
52 2
411 467
53 50
6 17 19 22 27 29 51 57 61 63 73 76 77 89 90 125 142 146 169 170 172 177 178 181 203 216 220 230 232 238 246 260 277 292 304 306 323 342 348 354 358 371 375 385 391 394 420 431 444 471
54 31
6 17 19 63 74 77 89 142 146 150 169 170 177 178 203 216 230 238 246 277 296 306 323 342 348 371 385 391 396 431 471
55 24
35 46 66 127 158 188 198 204 208 215 247 273 294 302 303 305 309 329 335 359 386 392 428 462
56 19
3 65 85 97 106 193 240 257 269 286 300 318 333 343 379 418 440 465 479
57 6
52 152 186 262 317 480
58 58
13 26 32 37 49 78 82 88 92 96 103 105 108 110 116 136 137 143 147 156 167 168 179 185 210 212 213 226 236 243 255 256 259 276 282 287 310 316 337 340 346 352 356 363 368 376 389 406 410 416 429 433 437 442 464 472 478 486
59 52
6 30 34 36 50 57 58 63 74 89 111 122 132 139 150 159 170 177 178 194 203 216 220 230 235 242 246 277 292 296 299 306 323 345 354 374 375 381 391 396 397 403 411 427 431 434 468 471 474 482 494 497
60 56
22 54 61 67 73 76 79 83 90 93 102 130 142 145 146 148 149 155 166 169 172 183 219 232 241 248 253 260 279 283 284 285 293 297 304 313 320 350 362 364 372 373 394 412 415 420 426 452 457 460 463 476 481 483 485 496
61 13
20 68 74 87 124 180 205 327 385 404 408 409 436
62 12
12 28 145 157 173 257 268 347 360 388 424 499
63 18
85 106 193 196 240 245 290 334 343 369 423 432 440 448 465 479 489 500
64 53
4 8 18 23 39 42 55 66 72 80 84 107 112 158 160 162 188 190 201 204 208 215 223 224 225 244 267 273 275 281 288 294 303 305 329 339 349 359 377 380 384 386 393 402 413 422 428 454 455 461 462 473 495
65 33
30 36 58 111 122 128 129 132 139 159 176 198 231 233 235 242 295 299 302 309 312 315 345 354 355 374 403 411 441 467 468 482 497
66 14
10 52 114 144 152 186 211 262 291 317 332 439 480 488
67 20
26 32 49 82 136 137 143 185 210 212 213 236 243 276 310 316 352 363 410 478
68 52
3 12 25 28 41 65 71 85 97 106 119 120 123 135 145 157 161 173 195 237 240 250 257 264 268 269 290 300 318 330 333 347 360 361 369 379 382 388 405 414 418 424 432 440 443 445 448 450 465 470 499 500
69 56
2 12 15 25 28 41 43 47 54 67 71 102 119 120 130 145 148 157 161 164 166 173 209 218 219 241 248 257 268 293 297 300 313 320 328 330 336 347 353 360 361 364 367 372 373 388 424 426 452 456 470 476 484 485 496 499
70 41
30 34 36 50 58 63 111 122 128 129 132 139 159 170 176 198 220 230 231 233 235 242 295 299 309 312 315 323 345 354 355 374 375 403 411 441 467 468 474 482 497
71 0

72 31
26 45 88 95 96 109 116 131 137 138 175 207 236 243 255 259 263 276 289 316 337 340 376 395 407 410 437 453 475 478 498
73 24
32 49 64 78 82 103 136 147 185 210 212 213 236 282 310 352 356 363 368 406 416 429 464 486
74 18
8 39 107 158 188 190 201 204 208 273 294 303 359 384 386 428 461 462
75 13
44 78 100 103 118 222 226 274 282 307 346 416 493
76 15
21 49 56 143 185 210 212 213 256 310 316 356 363 400 410
77 36
6 17 19 31 51 57 61 62 73 76 77 89 90 142 146 169 172 177 178 181 203 216 230 232 238 246 260 304 342 348 358 371 385 412 420 431
78 13
52 114 121 152 186 229 262 301 317 332 366 439 477
79 68
18 22 27 29 34 35 36 46 57 58 63 66 80 111 122 125 127 129 134 139 159 163 170 176 198 208 215 220 230 231 233 235 242 246 247 261 292 294 295 299 302 303 305 309 312 315 323 329 335 339 345 354 355 374 375 383 386 392 403 411 441 444 446 462 467 468 482 497
80 23
25 41 43 47 53 59 91 98 115 140 153 171 209 298 325 326 361 365 367 417 421 443 470
81 13
27 29 57 63 125 172 220 230 246 292 375 420 444
82 86
1 13 16 21 24 26 32 45 49 56 78 81 82 88 92 94 95 96 99 105 108 109 110 116 131 133 136 137 138 143 147 151 156 168 175 185 191 202 207 210 212 213 236 243 254 255 256 258 259 263 266 271 276 282 287 289 308 310 316 337 340 352 356 357 363 368 376 389 395 400 406 407 410 416 419 429 435 437 442 451 453 464 475 478 486 498
83 9
21 56 181 221 249 252 314 435 451
84 12
21 56 221 249 252 256 314 356 429 435 451 486
85 19
39 42 67 71 84 101 162 225 267 275 281 370 377 402 413 425 454 457 473
86 68
2 15 21 33 44 51 54 56 61 64 73 78 83 102 103 118 130 148 155 164 181 218 219 221 234 241 248 249 252 253 260 274 279 282 283 284 293 297 304 314 319 320 328 336 350 353 356 362 364 373 399 412 416 426 429 435 451 452 456 460 463 464 481 483 484 486 493 496
87 71
1 13 14 21 26 32 37 49 56 64 78 82 88 92 96 103 105 108 110 116 136 137 138 143 147 156 167 168 179 184 185 210 212 213 226 236 243 255 256 259 266 276 282 287 289 310 316 337 340 346 352 356 363 368 376 389 395 400 406 407 410 416 429 433 437 442 464 472 475 478 486
88 27
20 68 74 87 124 150 178 180 194 199 205 277 296 306 327 385 391 396 404 408 409 427 431 436 447 471 494
89 74
2 12 15 25 28 33 41 43 44 47 54 59 64 69 83 102 118 119 130 145 148 155 157 161 164 166 171 183 209 218 219 221 234 241 248 253 279 283 284 293 297 304 313 319 320 328 336 350 353 360 361 362 364 367 372 373 388 399 412 424 426 452 456 460 463 470 476 481 483 484 485 493 496 499
90 18
53 91 98 114 140 153 229 251 278 301 325 332 365 366 398 417 439 477
91 5
14 37 184 433 472
92 19
6 50 74 150 170 177 178 203 277 296 306 323 381 391 396 431 471 474 494
93 95
1 15 16 17 19 21 31 33 44 51 54 56 61 62 64 73 76 77 78 83 89 90 94 102 130 133 142 143 146 148 149 151 155 169 172 181 183 210 213 216 219 221 232 234 238 241 248 249 252 253 254 256 258 260 271 279 282 283 284 293 297 304 308 310 313 314 319 320 336 342 348 350 356 358 362 363 364 371 373 399 400 412 426 429 435 451 452 460 463 464 481 483 484 486 496
94 3
58 139 235
95 28
13 14 37 78 100 103 147 167 179 187 192 197 222 226 272 274 280 282 307 346 368 378 406 416 433 449 464 493
96 39
1 16 24 26 38 45 81 95 96 99 108 109 110 116 131 137 138 175 191 202 207 255 259 263 266 289 316 340 357 395 400 407 410 419 437 453 466 475 498
97 7
101 225 267 377 402 413 473
98 2
315 467
99 61
13 14 26 32 37 49 64 78 82 88 92 100 103 105 136 147 156 167 168 179 184 185 187 197 210 212 213 222 226 236 243 272 274 276 280 282 287 307 310 331 337 346 352 356 363 368 376 378 389 399 406 410 416 429 433 442 449 464 472 478 493
100 56
18 22 27 29 57 61 67 79 80 84 90 93 101 125 134 149 162 163 166 172 183 215 225 232 241 253 261 267 273 285 292 293 294 313 329 339 349 372 377 383 386 394 402 415 420 425 426 444 446 452 457 462 473 476 481 485
