20
1 89
4 8 18 22 23 27 29 34 35 39 42 57 66 67 71 79 80 84 93 97 101 107 125 127 134 149 158 162 163 166 172 183 188 190 201 204 208 215 224 225 232 247 253 261 267 269 273 275 281 285 288 292 293 294 303 305 313 329 339 349 359 370 372 377 380 383 384 386 392 394 402 413 415 420 425 428 444 445 446 454 455 457 461 462 473 476 485 492 495
2 8
123 250 382 405 414 450 458 491
3 33
25 41 47 59 91 98 115 123 135 140 153 161 165 195 209 237 250 264 298 324 326 330 361 365 382 405 417 421 424 443 450 458 470
4 16
18 35 127 134 163 215 231 247 261 303 305 329 335 386 392 446
5 45
26 45 49 81 82 88 95 96 105 108 109 110 116 131 136 137 138 175 185 207 212 236 243 255 259 263 266 276 287 289 316 337 340 352 357 376 395 407 410 437 442 453 475 478 498
6 61
6 17 19 20 30 31 36 50 63 68 74 77 87 89 111 122 124 132 142 146 150 170 177 178 180 194 199 203 205 216 230 238 246 277 296 306 323 327 342 345 348 358 371 374 381 385 390 391 396 397 404 408 409 427 431 434 436 447 471 474 494
7 2
81 266
8 25
3 42 65 67 71 97 101 120 225 267 269 275 281 300 370 372 377 379 402 413 425 445 457 473 492
9 6
28 145 157 360 388 499
10 62
3 7 9 12 28 42 60 65 67 71 85 97 101 106 120 135 145 173 174 189 193 195 214 228 237 240 257 265 268 269 281 286 290 300 318 330 333 334 338 341 343 344 347 360 369 370 372 379 388 402 418 425 440 445 448 459 465 479 487 492 499 500
11 48
6 19 27 29 34 57 58 63 77 89 90 111 125 146 150 159 170 172 177 178 203 216 220 230 232 235 238 246 261 277 292 299 306 323 345 348 354 375 383 391 403 420 431 444 446 471 474 482
12 3
67 101 457
13 9
10 11 182 239 322 324 387 401 490
14 43
30 34 36 50 58 63 111 122 128 129 132 139 159 170 176 198 220 231 233 235 242 261 295 299 302 309 312 315 323 335 345 354 355 374 375 403 411 441 467 468 474 482 497
15 48
10 11 40 52 53 59 91 98 114 115 121 140 144 152 153 165 182 186 187 211 229 239 251 262 272 278 291 298 301 317 322 324 325 326 331 332 365 366 387 398 401 417 421 439 477 480 488 490
16 28
26 88 96 108 110 116 131 136 137 138 175 236 243 255 259 276 289 316 337 340 376 395 407 410 437 475 478 498
17 66
2 15 25 41 43 44 47 53 59 69 91 98 100 102 103 118 119 130 140 148 153 157 161 164 171 187 192 209 218 219 222 226 248 251 272 274 278 280 297 298 307 319 320 325 326 328 330 336 353 361 365 366 367 378 398 399 417 421 424 443 449 456 470 484 493 499
18 10
53 91 251 278 301 325 365 366 398 417
19 16
20 74 87 150 194 199 205 296 306 381 396 404 409 427 447 494
20 29
30 36 58 111 122 128 129 132 139 159 176 233 235 242 295 299 312 315 345 354 355 374 403 411 441 467 468 482 497
